---By Sho#0006,Primordial Demon#006


while true do


local A_1 = "Combat"
local A_2 = true
local A_3 = CFrame.new(1746.23206, 582.744629, 1262.36511, -0.780867934, 0.161683396, -0.603410184, 0, 0.965925813, 0.258819222, 0.624696255, 0.20210363, -0.754260302)
local A_4 = CFrame.new(1753.77466, 578.009399, 1271.79333, 0.806792796, 3.40078437e-08, 0.590834498, 7.93132937e-09, 1, -6.83893475e-08, -0.590834498, 5.98621313e-08, 0.806792796)
local A_5 = CFrame.new(1745.73999, 574.771362, 1274.22107, -0.999139786, -0.023129452, 0.0344225839, -0, 0.830029845, 0.557719111, -0.0414715074, 0.557239354, -0.829315722)
local Event = game:GetService("ReplicatedStorage").SkillRemote
Event:FireServer(A_1, A_2, A_3, A_4, A_5)

wait()


local A_1 = "Combat"
local A_2 = true
local A_3 = CFrame.new(1746.23206, 582.744629, 1262.36511, -0.780867934, 0.161683396, -0.603410184, 0, 0.965925813, 0.258819222, 0.624696255, 0.20210363, -0.754260302)
local A_4 = CFrame.new(1753.77466, 578.009399, 1271.79333, 0.806792796, 3.40078437e-08, 0.590834498, 7.93132937e-09, 1, -6.83893475e-08, -0.590834498, 5.98621313e-08, 0.806792796)
local A_5 = CFrame.new(1745.73999, 574.771362, 1274.22107, -0.999139786, -0.023129452, 0.0344225839, -0, 0.830029845, 0.557719111, -0.0414715074, 0.557239354, -0.829315722)
local Event = game:GetService("ReplicatedStorage").SkillRemote
Event:FireServer(A_1, A_2, A_3, A_4, A_5)

wait(0)

game:GetService("ReplicatedStorage").Aero.AeroRemoteServices.StatsService.RebirthUp:FireServer()

wait()

game:GetService("ReplicatedStorage").Aero.AeroRemoteServices.StatsService.RebirthUp:FireServer()

wait()

local A_1 = "Combat"
local A_2 = true
local A_3 = CFrame.new(1746.23206, 582.744629, 1262.36511, -0.780867934, 0.161683396, -0.603410184, 0, 0.965925813, 0.258819222, 0.624696255, 0.20210363, -0.754260302)
local A_4 = CFrame.new(1753.77466, 578.009399, 1271.79333, 0.806792796, 3.40078437e-08, 0.590834498, 7.93132937e-09, 1, -6.83893475e-08, -0.590834498, 5.98621313e-08, 0.806792796)
local A_5 = CFrame.new(1745.73999, 574.771362, 1274.22107, -0.999139786, -0.023129452, 0.0344225839, -0, 0.830029845, 0.557719111, -0.0414715074, 0.557239354, -0.829315722)
local Event = game:GetService("ReplicatedStorage").SkillRemote
Event:FireServer(A_1, A_2, A_3, A_4, A_5)

wait()


local A_1 = "Combat"
local A_2 = true
local A_3 = CFrame.new(1746.23206, 582.744629, 1262.36511, -0.780867934, 0.161683396, -0.603410184, 0, 0.965925813, 0.258819222, 0.624696255, 0.20210363, -0.754260302)
local A_4 = CFrame.new(1753.77466, 578.009399, 1271.79333, 0.806792796, 3.40078437e-08, 0.590834498, 7.93132937e-09, 1, -6.83893475e-08, -0.590834498, 5.98621313e-08, 0.806792796)
local A_5 = CFrame.new(1745.73999, 574.771362, 1274.22107, -0.999139786, -0.023129452, 0.0344225839, -0, 0.830029845, 0.557719111, -0.0414715074, 0.557239354, -0.829315722)
local Event = game:GetService("ReplicatedStorage").SkillRemote
Event:FireServer(A_1, A_2, A_3, A_4, A_5)

wait()

local A_1 = "Combat"
local A_2 = true
local A_3 = CFrame.new(1746.23206, 582.744629, 1262.36511, -0.780867934, 0.161683396, -0.603410184, 0, 0.965925813, 0.258819222, 0.624696255, 0.20210363, -0.754260302)
local A_4 = CFrame.new(1753.77466, 578.009399, 1271.79333, 0.806792796, 3.40078437e-08, 0.590834498, 7.93132937e-09, 1, -6.83893475e-08, -0.590834498, 5.98621313e-08, 0.806792796)
local A_5 = CFrame.new(1745.73999, 574.771362, 1274.22107, -0.999139786, -0.023129452, 0.0344225839, -0, 0.830029845, 0.557719111, -0.0414715074, 0.557239354, -0.829315722)
local Event = game:GetService("ReplicatedStorage").SkillRemote
Event:FireServer(A_1, A_2, A_3, A_4, A_5)

end
